
 2203
 4405
 4406
 7
 4408
 4409
 4411
 2199
 4385
 4387
 2188
 20
 23
 2176
 2179
 4394
 4399
 4370
 2233
 38
 36
 40
 2225
 4382
 45
 51
 55
 53
 58
 2209
 63
 4366
 2268
 4469
 4470
 65
 4466
 67
 4476
 77
 2262
 74
 4453
 2255
 2249
 81
 82
 93
 2241
 2240
 2243
 2303
 2298
 2296
 4446
 4445
 2291
 4443
 105
 4423
 118
 2284
 4417
 4430
 123
 122
 121
 4425
 4424
 2272
 2065
 4536
 4538
 2068
 4543
 4529
 128
 2076
 2078
 4534
 153
 2051
 2052
 158
 4512
 4515
 151
 2063
 173
 2110
 4501
 2082
 2081
 4489
 190
 189
 2088
 4604
 2132
 4607
 4597
 2141
 2143
 4593
 2136
 192
 4588
 2116
 4589
 4590
 2119
 4584
 218
 2115
 4580
 2125
 214
 2127
 2121
 2166
 238
 237
 4573
 2162
 2175
 227
 2171
 226
 224
 254
 4558
 2150
 255
 2145
 4549
 2155
 243
 240
 4545
 275
 4129
 2440
 4134
 277
 4132
 276
 2435
 2433
 4147
 4144
 257
 262
 260
 2460
 4149
 264
 265
 4159
 4097
 2473
 307
 306
 4100
 308
 311
 4103
 310
 312
 4104
 2467
 317
 4109
 2469
 319
 4112
 2489
 290
 2492
 292
 2480
 4121
 301
 2511
 4195
 351
 2503
 4206
 2498
 344
 326
 4214
 2526
 325
 2522
 323
 2520
 321
 4222
 334
 2519
 2517
 2512
 329
 372
 374
 2537
 2539
 381
 4168
 4171
 379
 4170
 4188
 365
 367
 2546
 2306
 2307
 408
 4264
 415
 4271
 4268
 4269
 402
 400
 406
 2319
 404
 405
 399
 398
 2325
 4275
 2333
 389
 444
 4237
 2342
 446
 4238
 2347
 435
 4228
 2350
 2351
 4250
 4253
 429
 2359
 2358
 4241
 420
 2364
 478
 2375
 2370
 472
 4329
 470
 2383
 4322
 2379
 2377
 2388
 4346
 4345
 457
 2397
 4302
 4298
 4294
 2415
 4288
 4289
 2410
 2411
 493
 4317
 2422
 494
 4312
 491
 2419
 2418
 4305
 2424
 2427
 2751
 551
 4885
 4894
 2742
 558
 2743
 554
 4890
 2738
 2737
 4871
 566
 563
 2729
 575
 2727
 2725
 4875
 569
 4916
 2717
 517
 2719
 4915
 522
 4923
 4901
 4900
 532
 2703
 4902
 528
 2699
 4899
 541
 536
 2810
 4944
 612
 613
 2802
 4954
 618
 619
 2803
 616
 4952
 2801
 2807
 623
 2804
 2805
 621
 2795
 2793
 4929
 625
 631
 4933
 2786
 2784
 4936
 4941
 2788
 636
 2779
 4980
 585
 4989
 2774
 590
 2761
 2760
 592
 4964
 2767
 4966
 4968
 2755
 2754
 605
 2757
 4972
 4974
 677
 672
 703
 701
 2594
 2593
 697
 4998
 2606
 2605
 693
 4994
 2581
 2582
 650
 2589
 669
 660
 747
 2674
 746
 751
 750
 748
 2682
 2687
 741
 2659
 760
 2662
 2667
 753
 2670
 2641
 2640
 2644
 705
 704
 707
 2653
 710
 728
 730
 734
 2630
 2638
 2639
 727
 2989
 4613
 821
 2984
 4611
 2986
 4610
 4621
 4623
 4622
 825
 2976
 3004
 3005
 4630
 4625
 801
 3002
 3003
 4632
 4647
 787
 784
 4654
 4653
 794
 2945
 792
 2974
 4662
 773
 2973
 768
 4656
 2964
 4668
 781
 776
 4673
 880
 3048
 4672
 883
 882
 4676
 891
 3043
 893
 3044
 4684
 3064
 3067
 3069
 4693
 3071
 872
 3057
 3059
 3060
 4701
 3061
 4702
 4707
 851
 4704
 858
 856
 3014
 3034
 3033
 4721
 4727
 4724
 4725
 3026
 3024
 3030
 4732
 956
 4744
 2849
 2861
 949
 4737
 4765
 2869
 4764
 2868
 939
 2879
 935
 2878
 4758
 2873
 4753
 928
 931
 926
 923
 2816
 2817
 919
 2829
 4770
 2824
 4799
 2839
 911
 2837
 4797
 2836
 4796
 2835
 4794
 4793
 903
 900
 2843
 897
 2840
 4808
 2917
 4814
 2919
 4800
 2922
 2926
 2927
 4827
 2933
 2932
 1004
 1007
 993
 992
 4816
 2939
 995
 4822
 4842
 4843
 2881
 985
 990
 991
 2884
 989
 2890
 4833
 2889
 2895
 4836
 2896
 968
 2903
 972
 4851
 2905
 960
 3285
 1101
 3283
 3293
 1094
 3288
 1088
 1089
 3269
 3271
 3265
 3266
 1104
 1106
 3319
 3314
 1130
 3312
 1124
 1125
 3321
 1151
 1147
 1144
 3311
 3309
 3308
 3305
 1136
 3304
 1032
 3224
 1027
 1028
 3229
 3230
 1031
 1051
 1050
 3205
 1053
 1041
 3208
 3215
 1068
 3253
 3256
 1060
 1061
 3235
 3234
 1081
 1080
 3239
 1086
 3237
 1075
 1074
 1072
 1220
 1226
 3150
 1233
 3147
 1246
 1247
 3136
 3137
 1255
 3194
 3193
 1263
 3190
 1260
 1258
 1257
 3184
 3180
 1268
 3181
 3178
 3177
 1278
 1274
 3170
 1273
 3097
 3101
 3095
 1175
 3074
 1178
 3077
 1187
 3130
 1186
 1185
 1184
 1191
 1190
 1194
 1200
 3113
 1207
 1210
 3104
 1208
 3525
 3520
 3532
 1363
 1358
 3543
 3541
 3538
 3536
 1353
 1348
 3544
 1345
 3557
 3559
 3554
 3565
 1397
 1392
 3573
 3568
 1384
 3570
 1387
 3582
 3578
 1379
 1306
 3457
 3463
 1311
 3462
 1303
 1288
 1294
 1282
 1283
 1284
 1285
 1337
 1336
 3496
 1320
 1323
 3510
 1326
 3511
 1313
 1314
 1316
 3517
 1319
 3407
 1492
 1490
 3400
 3399
 3396
 3397
 3394
 3422
 3421
 3420
 1486
 1485
 1482
 1481
 3408
 3438
 3432
 3435
 1532
 3430
 3431
 1528
 3426
 3455
 1511
 1507
 1425
 3341
 3331
 1435
 1432
 1438
 1409
 3352
 1412
 3346
 1418
 3345
 1421
 3348
 1459
 3371
 1461
 1462
 1463
 3360
 3361
 3365
 3366
 1442
 3386
 1449
 3377
 3376
 1454
 1643
 1640
 3825
 1645
 3833
 1638
 1637
 3809
 1657
 3808
 3812
 3818
 1652
 1613
 3801
 3802
 1607
 3776
 3780
 3785
 1619
 1620
 1623
 3766
 3765
 3761
 1575
 1572
 3770
 3769
 3750
 1593
 3745
 1592
 3755
 1551
 3728
 3729
 1540
 1537
 3719
 1556
 1559
 1553
 3720
 1554
 1763
 1760
 3704
 1765
 1764
 3699
 3698
 1768
 1775
 1773
 1772
 1778
 1779
 3693
 1781
 1785
 1729
 3673
 1728
 3677
 3676
 3679
 3667
 3656
 1744
 1745
 1748
 1749
 3662
 1758
 3642
 1710
 1719
 3622
 1723
 3619
 3613
 3609
 1664
 1666
 1676
 1675
 3603
 3602
 3598
 1686
 3593
 1681
 1682
 3594
 3595
 3591
 1688
 3586
 4067
 1914
 4068
 4071
 4075
 4079
 1888
 4088
 4090
 4091
 1893
 4095
 4034
 1881
 4033
 4032
 4038
 4046
 1870
 4052
 1858
 1861
 1853
 4004
 1852
 1851
 4012
 4010
 4020
 4022
 4023
 1828
 1829
 4024
 3975
 1822
 3972
 3970
 3976
 1804
 3984
 3985
 3996
 3992
 3945
 2035
 2036
 2037
 3939
 2047
 3964
 2023
 3966
 2022
 2025
 3957
 2002
 3914
 2005
 2011
 3905
 3910
 1987
 3921
 3925
 1996
 1973
 1974
 3887
 3880
 1970
 3873
 1957
 3900
 3902
 3896
 1952
 1954
 1965
 1967
 1960
 3888
 3891
 1963
 3855
 1938
 3850
 3851
 1939
 3848
 1936
 3845
 3842
 1947
 3843
 3840
 3870
 1924
 3868
 1922
 3863
 1934
 3861
 1932
 1931